0479957722
0436824009
0494762656
0432866419
0484464689
0415800178
0411285207
0440548351
0451810335
0420862242
0416066104
0447772211
0455477481
0488640313
0481954352
0428436366
0432837113
0412392593
0462231952
0428740848
0405853712
0451776709
0440180832
0403789364
0435294454
0444583835
0430701442
0479970463
0441309826
0468599813
0462013428
0435381644
0450023415
0444888210
0405456514
0488243053
0421826595
0476377689
0499497957
0468529320
0440879490
0402773691
0488654144
0458696359
0448172394
0414010341
0408269040
0466694288
0453870749
0462844714
0409733402
0466313872
0454134930
0463615796
0408489915
0408390627
0441963728
0483730250
0432956230
0450016300
0474148390
0440978340
0459230780
0438471597
0480260513
0423451448
0475934521
0422319397
0419153069
0421674058
0483744838
0425302672
0441636944
0466609902
0490965579
0496603257
0451518243
0423608908
0448415053
0451132319
0476702362
0486363925
0444320032
0405001524
0401652874
0445300295
0495359466
0473363857
0459336609
0436779477
0476861571
0404087849
0474957827
0442940978
0447537427
0441634774
0480396304
0496257522
0435305692
0400930484
0412773053
0441212199
0424226789
0442313606
0434325860
0434764911
0498187648
0461660062
0432174692
0499887422
0446784887
0460300707
0493355715
0432223735
0486258440
0426957243
0412986761
0426565516
0401959921
0407963776
0490774394
0424524040
0429532950
0445132728
0404500844
0431318739
0444182876
0463862384
0460252853
0493481242
0414991953
0477718463
0479019314
0462449103
0492776411
0499693884
0460042218
0487741541
0463255154
0457576874
0489689476
0447770067
0407206558
0473246090
0444087341
0402428480
0478170005
0477214813
0453050799
0426432162